Leaky ReLU:
Fprop: [ 1.5   -0.033  4.4   -0.044 -0.044 -0.015]
Bprop: [[  5.     0.1  -10.    -0.05   0.     0.1 ]]
ELU:
Fprop: [ 1.5        -0.96311683  4.4        -0.98772266 -0.98772266 -0.77686984]
Bprop: [[  5.           0.36883167 -10.          -0.0613867    0.           2.2313016 ]]
SELU:
Fprop: [ 1.57605    -1.69329067  4.62308    -1.73655107 -1.73655107 -1.36584307]
Bprop: [[  5.2535       0.64845636 -10.507       -0.10792619   0.           3.92293236]]
